255 255 255 255 255 255 255 255 255 255 255 255 255 255 255 255
255 255 255 255 255 255 255 255 255 255 255 255 255 255 255 255
255 255 255 255 255 255 255 255 255 255 255 255 255 255 255 255
255 255 255 255 255 255 255 255 255 255 255 255   0 255 255 255
255 255 255 255 255 255 255 255 255 255 255   0 255 255 255 255
255 255 255 255 255 255 255 255 255 255   0 255 255 255 255 255
255 255 255 255   0   0   0   0 255   0 255 255 255 255 255 255
255 255 255   0 255 255 255 255   0 255 255 255 255 255 255 255
255 255 255   0 255 255 255 255 255   0 255 255 255 255 255 255
255 255 255 255 255 255 255 255 255   0 255 255 255 255 255 255
255 255 255   0 255 255 255 255 255   0 255 255 255 255 255 255
255 255 255   0 255 255 255 255 255   0 255 255 255 255 255 255
255 255 255 255   0   0 255   0   0 255 255 255 255 255 255 255
255 255 255 255 255 255 255 255 255 255 255 255 255 255 255 255
255 255 255 255 255 255 255 255 255 255 255 255 255 255 255 255
255 255 255 255 255 255 255 255 255 255 255 255 255 255 255 255
255 255 255 255 255 255 255 255 255 255 255 255 255 255 255 255
255 255 255 255 255 255 255 255 255 255 255 255 255 255 255 255
255 255 255 255 255 255 255 255 255 255 255 255 255 255 255 255
255 255 255 255 255 255 255 255 255 255 255 255   0 255 255 255
255 255 255 255 255 255 255 255 255 255 255   0 255 255 255 255
255 255 255 255 255 255 255 255 255 255   0 255 255 255 255 255
255 255 255 255   0   0   0   0 255   0 255 255 255 255 255 255
255 255 255   0 255 255 255 255   0 255 255 255 255 255 255 255
255 255 255   0 255 255 255 255 255   0 255 255 255 255 255 255
255 255 255 255 255 255 255 255 255   0 255 255 255 255 255 255
255 255 255   0 255 255 255 255 255   0 255 255 255 255 255 255
255 255 255   0 255 255 255 255 255   0 255 255 255 255 255 255
255 255 255 255   0   0 255   0   0 255 255 255 255 255 255 255
255 255 255 255 255 255 255 255 255 255 255 255 255 255 255 255
255 255 255 255 255 255 255 255 255 255 255 255 255 255 255 255
255 255 255 255 255 255 255 255 255 255 255 255 255 255 255 255
255 255 255 255 255 255 255 255 255 255 255 255 255 255 255 255
255 255 255 255 255 255 255 255 255 255 255 255 255 255 255 255
255 255 255 255 255 255 255 255 255 255 255 255 255 255 255 255
255 255 255 255 255 255 255 255 255 255 255 255   0 255 255 255
255 255 255 255 255 255 255 255 255 255 255   0 255 255 255 255
255 255 255 255 255 255 255 255 255 255   0 255 255 255 255 255
255 255 255 255   0   0   0   0 255   0 255 255 255 255 255 255
255 255 255   0 255 255 255 255   0 255 255 255 255 255 255 255
255 255 255   0 255 255 255 255 255   0 255 255 255 255 255 255
255 255 255 255 255 255 255 255 255   0 255 255 255 255 255 255
255 255 255   0 255 255 255 255 255   0 255 255 255 255 255 255
255 255 255   0 255 255 255 255 255   0 255 255 255 255 255 255
255 255 255 255   0   0 255   0   0 255 255 255 255 255 255 255
255 255 255 255 255 255 255 255 255 255 255 255 255 255 255 255
255 255 255 255 255 255 255 255 255 255 255 255 255 255 255 255
255 255 255 255 255 255 255 255 255 255 255 255 255 255 255 255

255 255 255 255 255 255 255 255 255 255 255 255 255 255 255 255
255 255 255 255 255 255 255 255 255 255 255 255 255 255 255 255
255 255 222 163 163 218 255 255 255 255 255 255 255 255 255 255
255 255 163   0 101 209 255 255 255 255 255 255 255 255 255 255
255 255 163 101  47 213 255 255 255 255 255 255 255 255 255 255
255 255 218 209 213  47 213 255 252 230 248 255 255 255 255 255
255 255 255 255 255 213  47 127  45  73  48 105 245 255 255 255
255 255 255 255 255 255 127  95 247 255 254 151  83 255 255 255
255 255 255 255 255 252  45 247 255 255 255 255  80 210 255 255
255 255 255 255 255 230  73 255 255 255 255 255 137 166 255 255
255 255 255 255 255 248  48 254 255 255 255 255 104 192 255 255
255 255 255 255 255 255 105 151 255 255 255 205  54 252 255 255
255 255 255 255 255 255 245  83  80 137 104  54 219 255 255 255
255 255 255 255 255 255 255 255 210 166 192 252 255 255 255 255
255 255 255 255 255 255 255 255 255 255 255 255 255 255 255 255
255 255 255 255 255 255 255 255 255 255 255 255 255 255 255 255
255 255 255 255 255 255 255 255 255 255 255 255 255 255 255 255
255 255 255 255 255 255 255 255 255 255 255 255 255 255 255 255
255 255 222 163 163 218 255 255 255 255 255 255 255 255 255 255
255 255 163   0 101 209 255 255 255 255 255 255 255 255 255 255
255 255 163 101  47 213 255 255 255 255 255 255 255 255 255 255
255 255 218 209 213  47 213 255 252 230 248 255 255 255 255 255
255 255 255 255 255 213  47 127  45  73  48 105 245 255 255 255
255 255 255 255 255 255 127  95 247 255 254 151  83 255 255 255
255 255 255 255 255 252  45 247 255 255 255 255  80 210 255 255
255 255 255 255 255 230  73 255 255 255 255 255 137 166 255 255
255 255 255 255 255 248  48 254 255 255 255 255 104 192 255 255
255 255 255 255 255 255 105 151 255 255 255 205  54 252 255 255
255 255 255 255 255 255 245  83  80 137 104  54 219 255 255 255
255 255 255 255 255 255 255 255 210 166 192 252 255 255 255 255
255 255 255 255 255 255 255 255 255 255 255 255 255 255 255 255
255 255 255 255 255 255 255 255 255 255 255 255 255 255 255 255
255 255 255 255 255 255 255 255 255 255 255 255 255 255 255 255
255 255 255 255 255 255 255 255 255 255 255 255 255 255 255 255
255 255 222 163 163 218 255 255 255 255 255 255 255 255 255 255
255 255 163   0 101 209 255 255 255 255 255 255 255 255 255 255
255 255 163 101  47 213 255 255 255 255 255 255 255 255 255 255
255 255 218 209 213  47 213 255 252 230 248 255 255 255 255 255
255 255 255 255 255 213  47 127  45  73  48 105 245 255 255 255
255 255 255 255 255 255 127  95 247 255 254 151  83 255 255 255
255 255 255 255 255 252  45 247 255 255 255 255  80 210 255 255
255 255 255 255 255 230  73 255 255 255 255 255 137 166 255 255
255 255 255 255 255 248  48 254 255 255 255 255 104 192 255 255
255 255 255 255 255 255 105 151 255 255 255 205  54 252 255 255
255 255 255 255 255 255 245  83  80 137 104  54 219 255 255 255
255 255 255 255 255 255 255 255 210 166 192 252 255 255 255 255
255 255 255 255 255 255 255 255 255 255 255 255 255 255 255 255
255 255 255 255 255 255 255 255 255 255 255 255 255 255 255 255

255 255 255 255 255 255 255 255 255 255 255 255 255 255 255 255
255 255 255 255 255 255 255 255 255 255 255 255 255 255 255 255
255 255 255 255 255 255 255 255 210 166 192 252 255 255 255 255
255 255 255 255 255 255 245  83  80 137 104  54 219 255 255 255
255 255 255 255 255 255 105 151 255 255 255 205  54 252 255 255
255 255 255 255 255 248  48 254 255 255 255 255 104 192 255 255
255 255 255 255 255 230  73 255 255 255 255 255 137 166 255 255
255 255 255 255 255 252  45 247 255 255 255 255  80 210 255 255
255 255 255 255 255 255 127  95 247 255 254 151  83 255 255 255
255 255 255 255 255 213  47 127  45  73  48 105 245 255 255 255
255 255 218 209 213  47 213 255 252 230 248 255 255 255 255 255
255 255 163 101  47 213 255 255 255 255 255 255 255 255 255 255
255 255 163   0 101 209 255 255 255 255 255 255 255 255 255 255
255 255 222 163 163 218 255 255 255 255 255 255 255 255 255 255
255 255 255 255 255 255 255 255 255 255 255 255 255 255 255 255
255 255 255 255 255 255 255 255 255 255 255 255 255 255 255 255
255 255 255 255 255 255 255 255 255 255 255 255 255 255 255 255
255 255 255 255 255 255 255 255 255 255 255 255 255 255 255 255
255 255 255 255 255 255 255 255 210 166 192 252 255 255 255 255
255 255 255 255 255 255 245  83  80 137 104  54 219 255 255 255
255 255 255 255 255 255 105 151 255 255 255 205  54 252 255 255
255 255 255 255 255 248  48 254 255 255 255 255 104 192 255 255
255 255 255 255 255 230  73 255 255 255 255 255 137 166 255 255
255 255 255 255 255 252  45 247 255 255 255 255  80 210 255 255
255 255 255 255 255 255 127  95 247 255 254 151  83 255 255 255
255 255 255 255 255 213  47 127  45  73  48 105 245 255 255 255
255 255 218 209 213  47 213 255 252 230 248 255 255 255 255 255
255 255 163 101  47 213 255 255 255 255 255 255 255 255 255 255
255 255 163   0 101 209 255 255 255 255 255 255 255 255 255 255
255 255 222 163 163 218 255 255 255 255 255 255 255 255 255 255
255 255 255 255 255 255 255 255 255 255 255 255 255 255 255 255
255 255 255 255 255 255 255 255 255 255 255 255 255 255 255 255
255 255 255 255 255 255 255 255 255 255 255 255 255 255 255 255
255 255 255 255 255 255 255 255 255 255 255 255 255 255 255 255
255 255 255 255 255 255 255 255 210 166 192 252 255 255 255 255
255 255 255 255 255 255 245  83  80 137 104  54 219 255 255 255
255 255 255 255 255 255 105 151 255 255 255 205  54 252 255 255
255 255 255 255 255 248  48 254 255 255 255 255 104 192 255 255
255 255 255 255 255 230  73 255 255 255 255 255 137 166 255 255
255 255 255 255 255 252  45 247 255 255 255 255  80 210 255 255
255 255 255 255 255 255 127  95 247 255 254 151  83 255 255 255
255 255 255 255 255 213  47 127  45  73  48 105 245 255 255 255
255 255 218 209 213  47 213 255 252 230 248 255 255 255 255 255
255 255 163 101  47 213 255 255 255 255 255 255 255 255 255 255
255 255 163   0 101 209 255 255 255 255 255 255 255 255 255 255
255 255 222 163 163 218 255 255 255 255 255 255 255 255 255 255
255 255 255 255 255 255 255 255 255 255 255 255 255 255 255 255
255 255 255 255 255 255 255 255 255 255 255 255 255 255 255 255

255 255 255 255 255 255 255 255 255 255 255 255 255 255 255 255
255 255 255 255 255 255 255 255 255 255 255 255 255 255 255 255
255 255 255 255 252 192 166 210 255 255 255 255 255 255 255 255
255 255 255 219  54 104 137  80  83 245 255 255 255 255 255 255
255 255 252  54 205 255 255 255 151 105 255 255 255 255 255 255
255 255 192 104 255 255 255 255 254  48 248 255 255 255 255 255
255 255 166 137 255 255 255 255 255  73 230 255 255 255 255 255
255 255 210  80 255 255 255 255 247  45 252 255 255 255 255 255
255 255 255  83 151 254 255 247  95 127 255 255 255 255 255 255
255 255 255 245 105  48  73  45 127  47 213 255 255 255 255 255
255 255 255 255 255 248 230 252 255 213  47 213 209 218 255 255
255 255 255 255 255 255 255 255 255 255 213  47 101 163 255 255
255 255 255 255 255 255 255 255 255 255 209 101   0 163 255 255
255 255 255 255 255 255 255 255 255 255 218 163 163 222 255 255
255 255 255 255 255 255 255 255 255 255 255 255 255 255 255 255
255 255 255 255 255 255 255 255 255 255 255 255 255 255 255 255
255 255 255 255 255 255 255 255 255 255 255 255 255 255 255 255
255 255 255 255 255 255 255 255 255 255 255 255 255 255 255 255
255 255 255 255 252 192 166 210 255 255 255 255 255 255 255 255
255 255 255 219  54 104 137  80  83 245 255 255 255 255 255 255
255 255 252  54 205 255 255 255 151 105 255 255 255 255 255 255
255 255 192 104 255 255 255 255 254  48 248 255 255 255 255 255
255 255 166 137 255 255 255 255 255  73 230 255 255 255 255 255
255 255 210  80 255 255 255 255 247  45 252 255 255 255 255 255
255 255 255  83 151 254 255 247  95 127 255 255 255 255 255 255
255 255 255 245 105  48  73  45 127  47 213 255 255 255 255 255
255 255 255 255 255 248 230 252 255 213  47 213 209 218 255 255
255 255 255 255 255 255 255 255 255 255 213  47 101 163 255 255
255 255 255 255 255 255 255 255 255 255 209 101   0 163 255 255
255 255 255 255 255 255 255 255 255 255 218 163 163 222 255 255
255 255 255 255 255 255 255 255 255 255 255 255 255 255 255 255
255 255 255 255 255 255 255 255 255 255 255 255 255 255 255 255
255 255 255 255 255 255 255 255 255 255 255 255 255 255 255 255
255 255 255 255 255 255 255 255 255 255 255 255 255 255 255 255
255 255 255 255 252 192 166 210 255 255 255 255 255 255 255 255
255 255 255 219  54 104 137  80  83 245 255 255 255 255 255 255
255 255 252  54 205 255 255 255 151 105 255 255 255 255 255 255
255 255 192 104 255 255 255 255 254  48 248 255 255 255 255 255
255 255 166 137 255 255 255 255 255  73 230 255 255 255 255 255
255 255 210  80 255 255 255 255 247  45 252 255 255 255 255 255
255 255 255  83 151 254 255 247  95 127 255 255 255 255 255 255
255 255 255 245 105  48  73  45 127  47 213 255 255 255 255 255
255 255 255 255 255 248 230 252 255 213  47 213 209 218 255 255
255 255 255 255 255 255 255 255 255 255 213  47 101 163 255 255
255 255 255 255 255 255 255 255 255 255 209 101   0 163 255 255
255 255 255 255 255 255 255 255 255 255 218 163 163 222 255 255
255 255 255 255 255 255 255 255 255 255 255 255 255 255 255 255
255 255 255 255 255 255 255 255 255 255 255 255 255 255 255 255
